Title,ImageName,URL,model_name
Casting Kalua,p.avif,https://girlstop.top/cat/posts/69087e3aa08fa/p.avif,Kalua-A
Casting Kalua,1.avif,https://girlstop.top/cat/posts/69087e3aa08fa/1.avif,Kalua-A
Casting Kalua,2.avif,https://girlstop.top/cat/posts/69087e3aa08fa/2.avif,Kalua-A
Casting Kalua,3.avif,https://girlstop.top/cat/posts/69087e3aa08fa/3.avif,Kalua-A
Casting Kalua,4.avif,https://girlstop.top/cat/posts/69087e3aa08fa/4.avif,Kalua-A
Casting Kalua,5.avif,https://girlstop.top/cat/posts/69087e3aa08fa/5.avif,Kalua-A
Casting Kalua,6.avif,https://girlstop.top/cat/posts/69087e3aa08fa/6.avif,Kalua-A
Casting Kalua,7.avif,https://girlstop.top/cat/posts/69087e3aa08fa/7.avif,Kalua-A
Casting Kalua,8.avif,https://girlstop.top/cat/posts/69087e3aa08fa/8.avif,Kalua-A
Casting Kalua,9.avif,https://girlstop.top/cat/posts/69087e3aa08fa/9.avif,Kalua-A
Casting Kalua,10.avif,https://girlstop.top/cat/posts/69087e3aa08fa/10.avif,Kalua-A
Casting Kalua,11.avif,https://girlstop.top/cat/posts/69087e3aa08fa/11.avif,Kalua-A
Casting Kalua,12.avif,https://girlstop.top/cat/posts/69087e3aa08fa/12.avif,Kalua-A
Casting Kalua,13.avif,https://girlstop.top/cat/posts/69087e3aa08fa/13.avif,Kalua-A
Casting Kalua,14.avif,https://girlstop.top/cat/posts/69087e3aa08fa/14.avif,Kalua-A
Casting Kalua,15.avif,https://girlstop.top/cat/posts/69087e3aa08fa/15.avif,Kalua-A
Casting Kalua,16.avif,https://girlstop.top/cat/posts/69087e3aa08fa/16.avif,Kalua-A
Casting Kalua,17.avif,https://girlstop.top/cat/posts/69087e3aa08fa/17.avif,Kalua-A
Casting Kalua,18.avif,https://girlstop.top/cat/posts/69087e3aa08fa/18.avif,Kalua-A
Casting Kalua,19.avif,https://girlstop.top/cat/posts/69087e3aa08fa/19.avif,Kalua-A
Casting Kalua,20.avif,https://girlstop.top/cat/posts/69087e3aa08fa/20.avif,Kalua-A
Casting Kalua,21.avif,https://girlstop.top/cat/posts/69087e3aa08fa/21.avif,Kalua-A
Casting Kalua,22.avif,https://girlstop.top/cat/posts/69087e3aa08fa/22.avif,Kalua-A
Casting Kalua,23.avif,https://girlstop.top/cat/posts/69087e3aa08fa/23.avif,Kalua-A
Casting Kalua,24.avif,https://girlstop.top/cat/posts/69087e3aa08fa/24.avif,Kalua-A
Casting Kalua,25.avif,https://girlstop.top/cat/posts/69087e3aa08fa/25.avif,Kalua-A
Casting Kalua,26.avif,https://girlstop.top/cat/posts/69087e3aa08fa/26.avif,Kalua-A
Casting Kalua,27.avif,https://girlstop.top/cat/posts/69087e3aa08fa/27.avif,Kalua-A
Casting Kalua,28.avif,https://girlstop.top/cat/posts/69087e3aa08fa/28.avif,Kalua-A
Casting Kalua,29.avif,https://girlstop.top/cat/posts/69087e3aa08fa/29.avif,Kalua-A
Casting Kalua,30.avif,https://girlstop.top/cat/posts/69087e3aa08fa/30.avif,Kalua-A
Casting Kalua,31.avif,https://girlstop.top/cat/posts/69087e3aa08fa/31.avif,Kalua-A
Casting Kalua,32.avif,https://girlstop.top/cat/posts/69087e3aa08fa/32.avif,Kalua-A
Casting Kalua,33.avif,https://girlstop.top/cat/posts/69087e3aa08fa/33.avif,Kalua-A
Casting Kalua,34.avif,https://girlstop.top/cat/posts/69087e3aa08fa/34.avif,Kalua-A
Casting Kalua,35.avif,https://girlstop.top/cat/posts/69087e3aa08fa/35.avif,Kalua-A
Casting Kalua,36.avif,https://girlstop.top/cat/posts/69087e3aa08fa/36.avif,Kalua-A
Casting Kalua,37.avif,https://girlstop.top/cat/posts/69087e3aa08fa/37.avif,Kalua-A
Casting Kalua,38.avif,https://girlstop.top/cat/posts/69087e3aa08fa/38.avif,Kalua-A
Casting Kalua,39.avif,https://girlstop.top/cat/posts/69087e3aa08fa/39.avif,Kalua-A
Casting Kalua,40.avif,https://girlstop.top/cat/posts/69087e3aa08fa/40.avif,Kalua-A
Perfect storm,p.avif,https://girlstop.top/cat/posts/69087658817b7/p.avif,Kalua-A
Perfect storm,1.avif,https://girlstop.top/cat/posts/69087658817b7/1.avif,Kalua-A
Perfect storm,2.avif,https://girlstop.top/cat/posts/69087658817b7/2.avif,Kalua-A
Perfect storm,3.avif,https://girlstop.top/cat/posts/69087658817b7/3.avif,Kalua-A
Perfect storm,4.avif,https://girlstop.top/cat/posts/69087658817b7/4.avif,Kalua-A
Perfect storm,5.avif,https://girlstop.top/cat/posts/69087658817b7/5.avif,Kalua-A
Perfect storm,6.avif,https://girlstop.top/cat/posts/69087658817b7/6.avif,Kalua-A
Perfect storm,7.avif,https://girlstop.top/cat/posts/69087658817b7/7.avif,Kalua-A
Perfect storm,8.avif,https://girlstop.top/cat/posts/69087658817b7/8.avif,Kalua-A
Perfect storm,9.avif,https://girlstop.top/cat/posts/69087658817b7/9.avif,Kalua-A
Perfect storm,10.avif,https://girlstop.top/cat/posts/69087658817b7/10.avif,Kalua-A
Perfect storm,11.avif,https://girlstop.top/cat/posts/69087658817b7/11.avif,Kalua-A
Perfect storm,12.avif,https://girlstop.top/cat/posts/69087658817b7/12.avif,Kalua-A
Perfect storm,13.avif,https://girlstop.top/cat/posts/69087658817b7/13.avif,Kalua-A
Perfect storm,14.avif,https://girlstop.top/cat/posts/69087658817b7/14.avif,Kalua-A
Perfect storm,15.avif,https://girlstop.top/cat/posts/69087658817b7/15.avif,Kalua-A
Perfect storm,16.avif,https://girlstop.top/cat/posts/69087658817b7/16.avif,Kalua-A
Perfect storm,17.avif,https://girlstop.top/cat/posts/69087658817b7/17.avif,Kalua-A
Perfect storm,18.avif,https://girlstop.top/cat/posts/69087658817b7/18.avif,Kalua-A
Perfect storm,19.avif,https://girlstop.top/cat/posts/69087658817b7/19.avif,Kalua-A
Perfect storm,20.avif,https://girlstop.top/cat/posts/69087658817b7/20.avif,Kalua-A
Perfect storm,21.avif,https://girlstop.top/cat/posts/69087658817b7/21.avif,Kalua-A
Perfect storm,22.avif,https://girlstop.top/cat/posts/69087658817b7/22.avif,Kalua-A
Perfect storm,23.avif,https://girlstop.top/cat/posts/69087658817b7/23.avif,Kalua-A
Perfect storm,24.avif,https://girlstop.top/cat/posts/69087658817b7/24.avif,Kalua-A
Perfect storm,25.avif,https://girlstop.top/cat/posts/69087658817b7/25.avif,Kalua-A
Perfect storm,26.avif,https://girlstop.top/cat/posts/69087658817b7/26.avif,Kalua-A
Perfect storm,27.avif,https://girlstop.top/cat/posts/69087658817b7/27.avif,Kalua-A
Perfect storm,28.avif,https://girlstop.top/cat/posts/69087658817b7/28.avif,Kalua-A
Perfect storm,29.avif,https://girlstop.top/cat/posts/69087658817b7/29.avif,Kalua-A
Perfect storm,30.avif,https://girlstop.top/cat/posts/69087658817b7/30.avif,Kalua-A
Perfect storm,31.avif,https://girlstop.top/cat/posts/69087658817b7/31.avif,Kalua-A
Perfect storm,32.avif,https://girlstop.top/cat/posts/69087658817b7/32.avif,Kalua-A
Perfect storm,33.avif,https://girlstop.top/cat/posts/69087658817b7/33.avif,Kalua-A
Perfect storm,34.avif,https://girlstop.top/cat/posts/69087658817b7/34.avif,Kalua-A
Perfect storm,35.avif,https://girlstop.top/cat/posts/69087658817b7/35.avif,Kalua-A
Perfect storm,36.avif,https://girlstop.top/cat/posts/69087658817b7/36.avif,Kalua-A
Perfect storm,37.avif,https://girlstop.top/cat/posts/69087658817b7/37.avif,Kalua-A
Perfect storm,38.avif,https://girlstop.top/cat/posts/69087658817b7/38.avif,Kalua-A
Perfect storm,39.avif,https://girlstop.top/cat/posts/69087658817b7/39.avif,Kalua-A
Perfect storm,40.avif,https://girlstop.top/cat/posts/69087658817b7/40.avif,Kalua-A
Presenting,p.avif,https://girlstop.top/cat/posts/6907adb69cb13/p.avif,Kalua-A
Presenting,1.avif,https://girlstop.top/cat/posts/6907adb69cb13/1.avif,Kalua-A
Presenting,2.avif,https://girlstop.top/cat/posts/6907adb69cb13/2.avif,Kalua-A
Presenting,3.avif,https://girlstop.top/cat/posts/6907adb69cb13/3.avif,Kalua-A
Presenting,4.avif,https://girlstop.top/cat/posts/6907adb69cb13/4.avif,Kalua-A
Presenting,5.avif,https://girlstop.top/cat/posts/6907adb69cb13/5.avif,Kalua-A
Presenting,6.avif,https://girlstop.top/cat/posts/6907adb69cb13/6.avif,Kalua-A
Presenting,7.avif,https://girlstop.top/cat/posts/6907adb69cb13/7.avif,Kalua-A
Presenting,8.avif,https://girlstop.top/cat/posts/6907adb69cb13/8.avif,Kalua-A
Presenting,9.avif,https://girlstop.top/cat/posts/6907adb69cb13/9.avif,Kalua-A
Presenting,10.avif,https://girlstop.top/cat/posts/6907adb69cb13/10.avif,Kalua-A
Presenting,11.avif,https://girlstop.top/cat/posts/6907adb69cb13/11.avif,Kalua-A
Presenting,12.avif,https://girlstop.top/cat/posts/6907adb69cb13/12.avif,Kalua-A
Presenting,13.avif,https://girlstop.top/cat/posts/6907adb69cb13/13.avif,Kalua-A
Presenting,14.avif,https://girlstop.top/cat/posts/6907adb69cb13/14.avif,Kalua-A
Presenting,15.avif,https://girlstop.top/cat/posts/6907adb69cb13/15.avif,Kalua-A
Presenting,16.avif,https://girlstop.top/cat/posts/6907adb69cb13/16.avif,Kalua-A
Presenting,17.avif,https://girlstop.top/cat/posts/6907adb69cb13/17.avif,Kalua-A
Presenting,18.avif,https://girlstop.top/cat/posts/6907adb69cb13/18.avif,Kalua-A
Presenting,19.avif,https://girlstop.top/cat/posts/6907adb69cb13/19.avif,Kalua-A
Presenting,20.avif,https://girlstop.top/cat/posts/6907adb69cb13/20.avif,Kalua-A
Presenting,21.avif,https://girlstop.top/cat/posts/6907adb69cb13/21.avif,Kalua-A
Presenting,22.avif,https://girlstop.top/cat/posts/6907adb69cb13/22.avif,Kalua-A
Presenting,23.avif,https://girlstop.top/cat/posts/6907adb69cb13/23.avif,Kalua-A
Presenting,24.avif,https://girlstop.top/cat/posts/6907adb69cb13/24.avif,Kalua-A
Presenting,25.avif,https://girlstop.top/cat/posts/6907adb69cb13/25.avif,Kalua-A
Presenting,26.avif,https://girlstop.top/cat/posts/6907adb69cb13/26.avif,Kalua-A
Presenting,27.avif,https://girlstop.top/cat/posts/6907adb69cb13/27.avif,Kalua-A
Presenting,28.avif,https://girlstop.top/cat/posts/6907adb69cb13/28.avif,Kalua-A
Presenting,29.avif,https://girlstop.top/cat/posts/6907adb69cb13/29.avif,Kalua-A
Presenting,30.avif,https://girlstop.top/cat/posts/6907adb69cb13/30.avif,Kalua-A
Presenting,31.avif,https://girlstop.top/cat/posts/6907adb69cb13/31.avif,Kalua-A
Presenting,32.avif,https://girlstop.top/cat/posts/6907adb69cb13/32.avif,Kalua-A
Presenting,33.avif,https://girlstop.top/cat/posts/6907adb69cb13/33.avif,Kalua-A
Presenting,34.avif,https://girlstop.top/cat/posts/6907adb69cb13/34.avif,Kalua-A
Presenting,35.avif,https://girlstop.top/cat/posts/6907adb69cb13/35.avif,Kalua-A
Presenting,36.avif,https://girlstop.top/cat/posts/6907adb69cb13/36.avif,Kalua-A
Presenting,37.avif,https://girlstop.top/cat/posts/6907adb69cb13/37.avif,Kalua-A
Presenting,38.avif,https://girlstop.top/cat/posts/6907adb69cb13/38.avif,Kalua-A
Presenting,39.avif,https://girlstop.top/cat/posts/6907adb69cb13/39.avif,Kalua-A
Presenting,40.avif,https://girlstop.top/cat/posts/6907adb69cb13/40.avif,Kalua-A
White wall,p.avif,https://girlstop.top/cat/posts/6907b22a70976/p.avif,Kalua-A
White wall,1.avif,https://girlstop.top/cat/posts/6907b22a70976/1.avif,Kalua-A
White wall,2.avif,https://girlstop.top/cat/posts/6907b22a70976/2.avif,Kalua-A
White wall,3.avif,https://girlstop.top/cat/posts/6907b22a70976/3.avif,Kalua-A
White wall,4.avif,https://girlstop.top/cat/posts/6907b22a70976/4.avif,Kalua-A
White wall,5.avif,https://girlstop.top/cat/posts/6907b22a70976/5.avif,Kalua-A
White wall,6.avif,https://girlstop.top/cat/posts/6907b22a70976/6.avif,Kalua-A
White wall,7.avif,https://girlstop.top/cat/posts/6907b22a70976/7.avif,Kalua-A
White wall,8.avif,https://girlstop.top/cat/posts/6907b22a70976/8.avif,Kalua-A
White wall,9.avif,https://girlstop.top/cat/posts/6907b22a70976/9.avif,Kalua-A
White wall,10.avif,https://girlstop.top/cat/posts/6907b22a70976/10.avif,Kalua-A
White wall,11.avif,https://girlstop.top/cat/posts/6907b22a70976/11.avif,Kalua-A
White wall,12.avif,https://girlstop.top/cat/posts/6907b22a70976/12.avif,Kalua-A
White wall,13.avif,https://girlstop.top/cat/posts/6907b22a70976/13.avif,Kalua-A
White wall,14.avif,https://girlstop.top/cat/posts/6907b22a70976/14.avif,Kalua-A
White wall,15.avif,https://girlstop.top/cat/posts/6907b22a70976/15.avif,Kalua-A
White wall,16.avif,https://girlstop.top/cat/posts/6907b22a70976/16.avif,Kalua-A
White wall,17.avif,https://girlstop.top/cat/posts/6907b22a70976/17.avif,Kalua-A
White wall,18.avif,https://girlstop.top/cat/posts/6907b22a70976/18.avif,Kalua-A
White wall,19.avif,https://girlstop.top/cat/posts/6907b22a70976/19.avif,Kalua-A
White wall,20.avif,https://girlstop.top/cat/posts/6907b22a70976/20.avif,Kalua-A
White wall,21.avif,https://girlstop.top/cat/posts/6907b22a70976/21.avif,Kalua-A
White wall,22.avif,https://girlstop.top/cat/posts/6907b22a70976/22.avif,Kalua-A
White wall,23.avif,https://girlstop.top/cat/posts/6907b22a70976/23.avif,Kalua-A
White wall,24.avif,https://girlstop.top/cat/posts/6907b22a70976/24.avif,Kalua-A
White wall,25.avif,https://girlstop.top/cat/posts/6907b22a70976/25.avif,Kalua-A
White wall,26.avif,https://girlstop.top/cat/posts/6907b22a70976/26.avif,Kalua-A
White wall,27.avif,https://girlstop.top/cat/posts/6907b22a70976/27.avif,Kalua-A
White wall,28.avif,https://girlstop.top/cat/posts/6907b22a70976/28.avif,Kalua-A
White wall,29.avif,https://girlstop.top/cat/posts/6907b22a70976/29.avif,Kalua-A
White wall,30.avif,https://girlstop.top/cat/posts/6907b22a70976/30.avif,Kalua-A
White wall,31.avif,https://girlstop.top/cat/posts/6907b22a70976/31.avif,Kalua-A
White wall,32.avif,https://girlstop.top/cat/posts/6907b22a70976/32.avif,Kalua-A
White wall,33.avif,https://girlstop.top/cat/posts/6907b22a70976/33.avif,Kalua-A
White wall,34.avif,https://girlstop.top/cat/posts/6907b22a70976/34.avif,Kalua-A
White wall,35.avif,https://girlstop.top/cat/posts/6907b22a70976/35.avif,Kalua-A
White wall,36.avif,https://girlstop.top/cat/posts/6907b22a70976/36.avif,Kalua-A
White wall,37.avif,https://girlstop.top/cat/posts/6907b22a70976/37.avif,Kalua-A
White wall,38.avif,https://girlstop.top/cat/posts/6907b22a70976/38.avif,Kalua-A
White wall,39.avif,https://girlstop.top/cat/posts/6907b22a70976/39.avif,Kalua-A
White wall,40.avif,https://girlstop.top/cat/posts/6907b22a70976/40.avif,Kalua-A
Covered... to pretend,p.webp,https://girlstop.top/cat/posts/61555145089eb0.78920745/p.webp,Kalua-A
Covered... to pretend,1.webp,https://girlstop.top/cat/posts/61555145089eb0.78920745/1.webp,Kalua-A
Covered... to pretend,2.webp,https://girlstop.top/cat/posts/61555145089eb0.78920745/2.webp,Kalua-A
Covered... to pretend,3.webp,https://girlstop.top/cat/posts/61555145089eb0.78920745/3.webp,Kalua-A
Covered... to pretend,4.webp,https://girlstop.top/cat/posts/61555145089eb0.78920745/4.webp,Kalua-A
Covered... to pretend,5.webp,https://girlstop.top/cat/posts/61555145089eb0.78920745/5.webp,Kalua-A
Covered... to pretend,6.webp,https://girlstop.top/cat/posts/61555145089eb0.78920745/6.webp,Kalua-A
Covered... to pretend,7.webp,https://girlstop.top/cat/posts/61555145089eb0.78920745/7.webp,Kalua-A
Covered... to pretend,8.webp,https://girlstop.top/cat/posts/61555145089eb0.78920745/8.webp,Kalua-A
Covered... to pretend,9.webp,https://girlstop.top/cat/posts/61555145089eb0.78920745/9.webp,Kalua-A
Covered... to pretend,10.webp,https://girlstop.top/cat/posts/61555145089eb0.78920745/10.webp,Kalua-A
Covered... to pretend,11.webp,https://girlstop.top/cat/posts/61555145089eb0.78920745/11.webp,Kalua-A
Covered... to pretend,12.webp,https://girlstop.top/cat/posts/61555145089eb0.78920745/12.webp,Kalua-A
Covered... to pretend,13.webp,https://girlstop.top/cat/posts/61555145089eb0.78920745/13.webp,Kalua-A
Covered... to pretend,14.webp,https://girlstop.top/cat/posts/61555145089eb0.78920745/14.webp,Kalua-A
Covered... to pretend,15.webp,https://girlstop.top/cat/posts/61555145089eb0.78920745/15.webp,Kalua-A
Covered... to pretend,16.webp,https://girlstop.top/cat/posts/61555145089eb0.78920745/16.webp,Kalua-A
Covered... to pretend,17.webp,https://girlstop.top/cat/posts/61555145089eb0.78920745/17.webp,Kalua-A
Covered... to pretend,18.webp,https://girlstop.top/cat/posts/61555145089eb0.78920745/18.webp,Kalua-A
Covered... to pretend,19.webp,https://girlstop.top/cat/posts/61555145089eb0.78920745/19.webp,Kalua-A
Covered... to pretend,20.webp,https://girlstop.top/cat/posts/61555145089eb0.78920745/20.webp,Kalua-A
Covered... to pretend,21.webp,https://girlstop.top/cat/posts/61555145089eb0.78920745/21.webp,Kalua-A
Covered... to pretend,22.webp,https://girlstop.top/cat/posts/61555145089eb0.78920745/22.webp,Kalua-A
Covered... to pretend,23.webp,https://girlstop.top/cat/posts/61555145089eb0.78920745/23.webp,Kalua-A
Covered... to pretend,24.webp,https://girlstop.top/cat/posts/61555145089eb0.78920745/24.webp,Kalua-A
Covered... to pretend,25.webp,https://girlstop.top/cat/posts/61555145089eb0.78920745/25.webp,Kalua-A
Covered... to pretend,26.webp,https://girlstop.top/cat/posts/61555145089eb0.78920745/26.webp,Kalua-A
Covered... to pretend,27.webp,https://girlstop.top/cat/posts/61555145089eb0.78920745/27.webp,Kalua-A
Covered... to pretend,28.webp,https://girlstop.top/cat/posts/61555145089eb0.78920745/28.webp,Kalua-A
Covered... to pretend,29.webp,https://girlstop.top/cat/posts/61555145089eb0.78920745/29.webp,Kalua-A
Covered... to pretend,30.webp,https://girlstop.top/cat/posts/61555145089eb0.78920745/30.webp,Kalua-A
Covered... to pretend,31.webp,https://girlstop.top/cat/posts/61555145089eb0.78920745/31.webp,Kalua-A
Covered... to pretend,32.webp,https://girlstop.top/cat/posts/61555145089eb0.78920745/32.webp,Kalua-A
Covered... to pretend,33.webp,https://girlstop.top/cat/posts/61555145089eb0.78920745/33.webp,Kalua-A
Covered... to pretend,34.webp,https://girlstop.top/cat/posts/61555145089eb0.78920745/34.webp,Kalua-A
Covered... to pretend,35.webp,https://girlstop.top/cat/posts/61555145089eb0.78920745/35.webp,Kalua-A
Covered... to pretend,36.webp,https://girlstop.top/cat/posts/61555145089eb0.78920745/36.webp,Kalua-A
Covered... to pretend,37.webp,https://girlstop.top/cat/posts/61555145089eb0.78920745/37.webp,Kalua-A
Covered... to pretend,38.webp,https://girlstop.top/cat/posts/61555145089eb0.78920745/38.webp,Kalua-A
Covered... to pretend,39.webp,https://girlstop.top/cat/posts/61555145089eb0.78920745/39.webp,Kalua-A
Covered... to pretend,40.webp,https://girlstop.top/cat/posts/61555145089eb0.78920745/40.webp,Kalua-A
Covered... to pretend,41.webp,https://girlstop.top/cat/posts/61555145089eb0.78920745/41.webp,Kalua-A
Covered... to pretend,42.webp,https://girlstop.top/cat/posts/61555145089eb0.78920745/42.webp,Kalua-A
Covered... to pretend,43.webp,https://girlstop.top/cat/posts/61555145089eb0.78920745/43.webp,Kalua-A
Covered... to pretend,44.webp,https://girlstop.top/cat/posts/61555145089eb0.78920745/44.webp,Kalua-A
Covered... to pretend,45.webp,https://girlstop.top/cat/posts/61555145089eb0.78920745/45.webp,Kalua-A
Covered... to pretend,46.webp,https://girlstop.top/cat/posts/61555145089eb0.78920745/46.webp,Kalua-A
Covered... to pretend,47.webp,https://girlstop.top/cat/posts/61555145089eb0.78920745/47.webp,Kalua-A
Covered... to pretend,48.webp,https://girlstop.top/cat/posts/61555145089eb0.78920745/48.webp,Kalua-A
Covered... to pretend,49.webp,https://girlstop.top/cat/posts/61555145089eb0.78920745/49.webp,Kalua-A
Covered... to pretend,50.webp,https://girlstop.top/cat/posts/61555145089eb0.78920745/50.webp,Kalua-A
Casting Kalua,p.webp,https://girlstop.top/cat/posts/5dd4d14a4f7f22.42288885/p.webp,Kalua-A
Casting Kalua,1.webp,https://girlstop.top/cat/posts/5dd4d14a4f7f22.42288885/1.webp,Kalua-A
Casting Kalua,2.webp,https://girlstop.top/cat/posts/5dd4d14a4f7f22.42288885/2.webp,Kalua-A
Casting Kalua,3.webp,https://girlstop.top/cat/posts/5dd4d14a4f7f22.42288885/3.webp,Kalua-A
Casting Kalua,4.webp,https://girlstop.top/cat/posts/5dd4d14a4f7f22.42288885/4.webp,Kalua-A
Casting Kalua,5.webp,https://girlstop.top/cat/posts/5dd4d14a4f7f22.42288885/5.webp,Kalua-A
Casting Kalua,6.webp,https://girlstop.top/cat/posts/5dd4d14a4f7f22.42288885/6.webp,Kalua-A
Casting Kalua,7.webp,https://girlstop.top/cat/posts/5dd4d14a4f7f22.42288885/7.webp,Kalua-A
Casting Kalua,8.webp,https://girlstop.top/cat/posts/5dd4d14a4f7f22.42288885/8.webp,Kalua-A
Casting Kalua,9.webp,https://girlstop.top/cat/posts/5dd4d14a4f7f22.42288885/9.webp,Kalua-A
Casting Kalua,10.webp,https://girlstop.top/cat/posts/5dd4d14a4f7f22.42288885/10.webp,Kalua-A
Casting Kalua,11.webp,https://girlstop.top/cat/posts/5dd4d14a4f7f22.42288885/11.webp,Kalua-A
Casting Kalua,12.webp,https://girlstop.top/cat/posts/5dd4d14a4f7f22.42288885/12.webp,Kalua-A
Casting Kalua,13.webp,https://girlstop.top/cat/posts/5dd4d14a4f7f22.42288885/13.webp,Kalua-A
Casting Kalua,14.webp,https://girlstop.top/cat/posts/5dd4d14a4f7f22.42288885/14.webp,Kalua-A
Casting Kalua,15.webp,https://girlstop.top/cat/posts/5dd4d14a4f7f22.42288885/15.webp,Kalua-A
Casting Kalua,16.webp,https://girlstop.top/cat/posts/5dd4d14a4f7f22.42288885/16.webp,Kalua-A
Casting Kalua,17.webp,https://girlstop.top/cat/posts/5dd4d14a4f7f22.42288885/17.webp,Kalua-A
Casting Kalua,18.webp,https://girlstop.top/cat/posts/5dd4d14a4f7f22.42288885/18.webp,Kalua-A
Casting Kalua,19.webp,https://girlstop.top/cat/posts/5dd4d14a4f7f22.42288885/19.webp,Kalua-A
Casting Kalua,20.webp,https://girlstop.top/cat/posts/5dd4d14a4f7f22.42288885/20.webp,Kalua-A
Casting Kalua,21.webp,https://girlstop.top/cat/posts/5dd4d14a4f7f22.42288885/21.webp,Kalua-A
Casting Kalua,22.webp,https://girlstop.top/cat/posts/5dd4d14a4f7f22.42288885/22.webp,Kalua-A
